0.1592
0.0858
0.7393
0.0983
0.9963
0.7895
0.1153
0.6964
0.8029
0.4540
0.5602
0.1807
0.2372
0.8794
0.1017
0.3353
0.6934
0.5089
0.0518
0.3487
0.0362
0.7862
0.7862
0.7862
0.7862
0.7862
0.7862
0.7862
0.7862
0.7862
0.7862
0.7862
0.7862
0.7862
0.7862
0.7862
0.7862
0.7862
0.7862
0.7862
0.7862
0.7862
0.7862
0.7862
0.7862
0.7862
0.7862
0.7862
0.7862
0.7862
0.7862
0.7862
0.7862
0.7862
0.7862
0.7862
0.7862
0.7862
0.7862
0.7862
0.7862
0.7862
0.7862
0.7862
0.7862
0.7862
0.7862
0.7862
0.7862
0.7862
0.7862
0.7862
0.7862
0.7862
0.7862
0.7862
0.7862
0.7862
0.7862
0.7862
0.7862
0.7862
0.7862
0.7862
0.7862
0.7862
0.7862
0.7862
0.7862
0.7862
0.7862
0.7862
0.7862
0.7862
0.7862
0.7862
0.7862
0.7862
0.7862
0.7862
0.7862
0.7862
0.7862
0.7862
0.7862
0.7862
0.7862
0.7862
0.7862
0.7862
0.7862
0.7862
0.7862
0.7862
0.7862
0.7862
0.7862
0.7862
0.7862
0.7862
0.7862
0.7862
0.7862
0.7862
0.7862
0.7862
0.7862
0.7862
0.7862
0.7862
0.7862
0.7862
0.7862
0.7862
0.7862
0.7862
0.7862
0.7862
0.7862
0.7862
0.7862
0.7862
0.7862
0.7862
0.7862
0.7862
0.7862
0.7862
0.7862
0.7862
0.7862
0.7862
0.7862
0.7862
0.7862
0.7862
0.7862
0.7862
0.7862
0.7862
0.7862
0.7862
0.7862
0.7862
0.7862
0.7862
0.7862
0.7862
0.7862
0.7862
0.7862
0.7862
0.7862
0.7862
0.7862
0.7862
0.7862
0.7862
0.7862
0.7862
0.7862
0.7862
0.7862
0.7862
0.7862
0.7862
0.7862
0.7862
0.7862
0.7862
0.7862
0.7862
0.7862
0.7862
0.7862
0.7862
0.7862
0.7862
0.7862
0.7862
0.7862
0.7862
0.7862
0.7862
0.7862
0.7862
0.7862
0.7862
0.7862
0.7862
0.7862
0.7862
0.7862
0.7862
0.7862
0.7862
0.7862
0.7862
0.7862
0.7862
0.7862
0.7862
0.7862
0.7862
0.7862
0.7862
0.7862
0.7862
0.7862
0.7862
0.7862
0.7862
0.7862
0.7862
0.7862
0.7862
0.7862
0.7862
0.7862
0.7862
0.7862
0.7862
0.7862
0.7862
0.7862
0.7862
0.7862
0.7862
0.7862
0.7862
0.7862
0.7862
0.7862
0.7862
0.7862
0.7862
0.7862
0.7862
0.7862
0.7862
0.7862
0.7862
0.7862
0.7862
0.7862
0.7862
0.7862
0.7862
0.7862
0.7862
0.7862
0.7862
0.7862
0.7862
0.7862
0.7862
0.7862
0.7862
0.7862
0.7862
0.7862
0.7862
0.7862
0.7862
0.7862
0.7862
0.7862
0.7862
0.7862
0.7862
0.7862
0.7862
0.7862
0.7862
0.7862
0.7862
0.7862
0.7862
0.7862
0.7862
0.7862
0.7862
0.7862
0.7862
0.7862
0.7862
0.7862
0.7862
0.7862
0.7862
0.7862
0.7862
0.7862
0.7862
0.7862
0.7862
0.7862
0.7862
0.7862
0.7862
0.7862
0.7862
0.7862
0.7862
0.7862
0.7862
0.7862
0.7862
0.7862
0.7862
0.7862
0.7862
0.7862
0.7862
0.7862
0.7862
0.7862
0.7862
0.7862
0.7862
0.7862
0.7862
0.7862
0.7862
0.7862
0.7862
0.7862
0.7862
0.7862
0.7862
0.7862
0.7862
0.7862
0.7862
0.7862
0.7862
0.7862
0.7862
0.7862
0.7862
0.7862
0.7862
0.7862
0.7862
0.7862
0.7862
0.7862
0.7862
0.7862
0.7862
0.7862
0.7862
0.7862
0.7862
0.7862
0.7862
0.7862
0.7862
0.7862
0.7862
0.7862
0.7862
0.7862
0.7862
0.7862
0.7862
0.7862
0.7862
0.7862
0.7862
0.7862
0.7862
0.7862
0.7862
0.7862
0.7862
0.7862
0.7862
0.7862
0.7862
0.7862
0.7862
0.7862
0.7862
0.7862
0.7862
0.7862
0.7862
0.7862
0.7862
0.7862
0.7862
0.7862
0.7862
0.7862
0.7862
0.7862
0.7862
0.7862
0.7862
0.7862
0.7862
0.7862
0.7862
0.7862
0.7862
0.7862
0.7862
0.7862
0.7862
0.7862
0.7862
0.7862
0.7862
0.7862
0.7862
0.7862
0.7862
0.7862
0.7862
0.7862
0.7862
0.7862
0.7862
0.7862
0.7862
0.7862
0.7862
0.7862
0.7862
0.7862
0.7862
0.7862
0.7862
0.7862
0.7862
0.7862
0.7862
0.7862
0.7862
0.7862
0.7862
0.7862
0.7862
0.7862
0.7862
0.7862
0.7862
0.7862
0.7862
0.7862
0.7862
0.7862
0.7862
0.7862
0.7862
0.7862
0.7862
0.7862
0.7862
0.7862
0.7862
0.7862
0.7862
0.7862
0.7862
0.7862
0.7862
0.7862
0.7862
0.7862
0.7862
0.7862
0.7862
0.7862
0.7862
0.7862
0.7862
0.7862
0.7862
0.7862
0.7862
0.7862
0.7862
0.7862
0.7862
0.7862
0.7862
0.7862
0.7862
0.7862
0.7862
0.7862
0.7862
0.7862
0.7862
0.7862
0.7862
0.7862
0.7862
0.7862
0.7862
0.7862
0.7862
0.7862
0.7862
0.7862
0.7862
0.7862
0.7862
0.7862
0.7862
0.7862
0.7862
0.7862
0.7862
0.7862
0.7862
0.7862
0.7862
0.7862
0.7862
0.7862
0.7862
0.7862
0.7862
0.7862
0.7862
0.7862
0.7862
0.7862
0.7862
0.7862
0.7862
0.7862
0.7862
0.7862
0.7862
0.7862
0.7862
0.7862
0.7862
0.7862
0.7862
0.7862
0.7862
0.7862
0.7862
0.7862
0.7862
0.7862
0.7862
0.7862
0.7862
0.7862
0.7862
0.7862
0.7862
0.7862
0.7862
0.7862
0.7862
0.7862
0.7862
0.7862
0.7862
0.7862
0.7862
0.7862
0.7862
0.7862
0.7862
0.7862
0.7862
0.7862
0.7862
0.7862
0.7862
0.7862
0.7862
0.7862
0.7862
0.7862
0.7862
0.7862
0.7862
0.7862
0.7862
0.7862
0.7862
0.7862
0.7862
0.7862
0.7862
0.7862
0.7862
0.7862
0.7862
0.7862
0.7862
0.7862
0.7862
0.7862
0.7862
0.7862
0.7862
0.7862
0.7862
0.7862
0.7862
0.7862
0.7862
0.7862
0.7862
0.7862
0.7862
0.7862
0.7862
0.7862
0.7862
0.7862
0.7862
0.7862
0.7862
0.7862
0.7862
0.7862
0.7862
0.7862
0.7862
0.7862
0.7862
0.7862
0.7862
0.7862
0.7862
0.7862
0.7862
0.7862
0.7862
0.7862
0.7862
0.7862
0.7862
0.7862
0.7862
0.7862
0.7862
0.7862
0.7862
0.7862
0.7862
0.7862
0.7862
0.7862
0.7862
0.7862
0.7862
0.7862
0.7862
0.7862
0.7862
0.7862
0.7862
0.7862
0.7862
0.7862
0.7862
0.7862
0.7862
0.7862
0.7862
0.7862
0.7862
0.7862
0.7862
0.7862
0.7862
0.7862
0.7862
0.7862
0.7862
0.7862
0.7862
0.7862
0.7862
0.7862
0.7862
0.7862
0.7862
0.7862
0.7862
0.7862
0.7862
0.7862
0.7862
0.7862
0.7862
0.7862
0.7862
0.7862
0.7862
0.7862
0.7862
0.7862
0.7862
0.7862
0.7862
0.7862
0.7862
0.7862
0.7862
0.7862
0.7862
0.7862
0.7862
0.7862
0.7862
0.7862
0.7862
0.7862
0.7862
0.7862
0.7862
0.7862
0.7862
0.7862
0.7862
0.7862
0.7862
0.7862
0.7862
0.7862
0.7862
0.7862
0.7862
0.7862
0.7862
0.7862
0.7862
0.7862
0.7862
0.7862
0.7862
0.7862
0.7862
0.7862
0.7862
0.7862
0.7862
0.7862
0.7862
0.7862
0.7862
0.7862
0.7862
0.7862
0.7862
0.7862
0.7862
0.7862
0.7862
0.7862
0.7862
0.7862
0.7862
0.7862
0.7862
0.7862
0.7862
0.7862
0.7862
0.7862
0.7862
0.7862
0.7862
0.7862
0.7862
0.7862
0.7862
0.7862
0.7862
0.7862
0.7862
0.7862
0.7862
0.7862
0.7862
0.7862
0.7862
0.7862
0.7862
0.7862
0.7862
0.7862
0.7862
0.7862
0.7862
0.7862
0.7862
0.7862
0.7862
0.7862
0.7862
0.7862
0.7862
0.7862
0.7862
0.7862
0.7862
0.7862
0.7862
0.7862
0.7862
0.7862
0.7862
0.7862
0.7862
0.7862
0.7862
0.7862
0.7862
0.7862
0.7862
0.7862
0.7862
0.7862
0.7862
0.7862
0.7862
0.7862
0.7862
0.7862
0.7862
0.7862
0.7862
0.7862
0.7862
0.7862
0.7862
0.7862
0.7862
0.7862
0.7862
0.7862
0.7862
0.7862
0.7862
0.7862
0.7862
0.7862
0.7862
0.7862
0.7862
0.7862
0.7862
0.7862
0.7862
0.7862
0.7862
0.7862
0.7862
0.7862
0.7862
0.7862
0.7862
0.7862
0.7862
0.7862
0.7862
0.7862
0.7862
0.7862
0.7862
0.7862
0.7862
0.7862
0.7862
0.7862
0.7862
0.7862
0.7862
0.7862
0.7862
0.7862
0.7862
0.7862
0.7862
0.7862
0.7862
0.7862
0.7862
0.7862
0.7862
0.7862
0.7862
0.7862
0.7862
0.7862
0.7862
0.7862
0.7862
0.7862
0.7862
0.7862
0.7862
0.7862
0.7862
0.7862
0.7862
0.7862
0.7862
0.7862
0.7862
0.7862
0.7862
0.7862
0.7862
0.7862
0.7862
0.7862
0.7862
0.7862
0.7862
0.7862
0.7862
0.7862
0.7862
0.7862
0.7862
0.7862
0.7862
0.7862
0.7862
0.7862
0.7862
0.7862
0.7862
0.7862
0.7862
0.7862
0.7862
0.7862
0.7862
0.7862
0.7862
0.7862
0.7862
0.7862
0.7862
0.7862
0.7862
0.7862
0.7862
0.7862
0.7862
0.7862
0.7862
0.7862
0.7862
0.7862
0.7862
0.7862
0.7862
0.7862
0.7862
0.7862
0.7862
0.7862
0.7862
0.7862
0.7862
0.7862
0.7862
0.7862
0.7862
0.7862
0.7862
0.7862
