		+-----------------+--------------------+-----+
		|   Quad Integral |   arctan(x) value  |   x |
		+-----------------+--------------------+-----|
		|         0.00000 |            0.00000 | 0.0 |
		|         0.09967 |            0.09967 | 0.1 |
		|         0.19740 |            0.19740 | 0.2 |
		|         0.29146 |            0.29146 | 0.3 |
		|         0.38051 |            0.38051 | 0.4 |
		|         0.46365 |            0.46365 | 0.5 |
		|         0.54042 |            0.54042 | 0.6 |
		|         0.61073 |            0.61073 | 0.7 |
		|         0.67474 |            0.67474 | 0.8 |
		|         0.73282 |            0.73282 | 0.9 |
		|         0.78540 |            0.78540 | 1.0 |
		|         0.83298 |            0.83298 | 1.1 |
		|         0.87606 |            0.87606 | 1.2 |
		|         0.91510 |            0.91510 | 1.3 |
		|         0.95055 |            0.95055 | 1.4 |
		|         0.98279 |            0.98279 | 1.5 |
		|         1.01220 |            1.01220 | 1.6 |
		|         1.03907 |            1.03907 | 1.7 |
		|         1.06370 |            1.06370 | 1.8 |
		|         1.08632 |            1.08632 | 1.9 |
		|         1.10715 |            1.10715 | 2.0 |
		|         1.12638 |            1.12638 | 2.1 |
		|         1.14417 |            1.14417 | 2.2 |
		|         1.16067 |            1.16067 | 2.3 |
		|         1.17601 |            1.17601 | 2.4 |
		|         1.19029 |            1.19029 | 2.5 |
		|         1.20362 |            1.20362 | 2.6 |
		|         1.21609 |            1.21609 | 2.7 |
		|         1.22777 |            1.22777 | 2.8 |
		|         1.23874 |            1.23874 | 2.9 |
		|         1.24905 |            1.24905 | 3.0 |
		|         1.25875 |            1.25875 | 3.1 |
		|         1.26791 |            1.26791 | 3.2 |
		|         1.27656 |            1.27656 | 3.3 |
		|         1.28474 |            1.28474 | 3.4 |
		|         1.29250 |            1.29250 | 3.5 |
		|         1.29985 |            1.29985 | 3.6 |
		|         1.30683 |            1.30683 | 3.7 |
		|         1.31347 |            1.31347 | 3.8 |
		|         1.31979 |            1.31979 | 3.9 |
		|         1.32582 |            1.32582 | 4.0 |
		|         1.33156 |            1.33156 | 4.1 |
		|         1.33705 |            1.33705 | 4.2 |
		|         1.34230 |            1.34230 | 4.3 |
		|         1.34732 |            1.34732 | 4.4 |
		|         1.35213 |            1.35213 | 4.5 |
		|         1.35674 |            1.35674 | 4.6 |
		|         1.36116 |            1.36116 | 4.7 |
		|         1.36540 |            1.36540 | 4.8 |
		|         1.36948 |            1.36948 | 4.9 |
		|         1.37340 |            1.37340 | 5.0 |
		+-----------------+--------------------+-----+
